function [qw] = DATA_wall
%% wall
qw = [5,1,0.13366,0.13366,0.25652,1,0.4679,0.10528,0,0.12,0.24,0.16,0.093333,0.13333,0.066667,0.066667,0.12,0.67143,0.014286,0.11429,0,0,0,0.028571,0.17143,0.16277,0.82479,0.007566,125.17,10.546,78,43,0.00050706,0.93023,0,0,0.87619,6,5,5,5,-1,-1,-1,0,-0.00058651,0
4,2,0.23205,0.076338,0.096261,1,0.60531,0.13348,0.056338,0.084507,0.21127,0.25352,0.070423,0.21127,0,0,0.11268,0.46269,0,0.074627,0,0.029851,0,0,0.43284,0.23447,0.94183,0.046054,90,8.3574,75,39,0.0005715,0.8913,0,0,0.59688,5,4,5,4,0,-1,-1,0,-0.00058651,0
3,0,0,0,0.15413,1,0.62573,0.10094,0.020833,0.083333,0.27083,0.20833,0.0625,0.16667,0,0,0.1875,0.55556,0,0.044444,0,0,0,0,0.4,0.20096,0.6062,0.042913,88.777,8.8288,42,24,0.00048437,0.89423,0,0,0.56782,4,3,3,3,0,-1,-1,0,-0.001173,0
4,2,0.17978,0,0.10809,1,0.48746,0.15984,0,0,0.22222,0.16667,0.18519,0.14815,0.055556,0.092593,0.12963,0.66,0.02,0.02,0,0.06,0,0,0.24,0.17075,0.68632,0.0047298,27.564,4.6392,58,31,0.00083675,1,0.67949,0.28024,1,5,4,5,4,-1,-1,0,0,0,0
4,1,0.25753,0.25753,0.15805,1,0.43902,0.086517,0.052632,0.070175,0.29825,0.10526,0.087719,0.14035,0.087719,0.017544,0.14035,0.62264,0,0.018868,0,0.018868,0,0,0.33962,0.17798,0.71471,0.01734,68.321,2.5634,61,30,0.00038451,0.98165,0.073394,0,0.75617,5,4,5,4,0,-1,-1,-1,-0.001173,-0.0024969
4,2,0.084967,0.06457,0.12688,1,0.4501,0.12002,0,0.031746,0.15873,0.19048,0.047619,0.15873,0.079365,0.063492,0.26984,0.61017,0.016949,0.050847,0,0.033898,0,0,0.28814,0.13804,0.55506,0.014243,70.59,4.5395,78,36,0.00043558,0.86486,0.68919,0.23723,1,4,4,4,4,-1,-1,0,-1,0,-0.0012484
4,1,0.044833,0.044833,0.12218,1,0.4827,0.089235,0,0.031746,0.20635,0.15873,0.063492,0.1746,0.095238,0.063492,0.20635,0.57627,0,0.033898,0,0.016949,0,0,0.37288,0.17328,0.69605,0.019565,71.136,5.0847,75,31,0.00031714,1,0.047619,0,0.91641,4,4,4,4,0,-1,-1,-1,-0.00058651,-0.0037453
4,1,0.044253,0.044253,0.14166,1,0.50923,0.077192,0,0.017241,0.18966,0.22414,0.051724,0.13793,0.15517,0.068966,0.15517,0.68519,0,0.074074,0,0.018519,0,0,0.22222,0.14744,0.59541,0.014601,90,12.706,34,36,0.00041407,1,0.012658,0,0.87405,5,4,5,4,-1,0,-1,-1,-0.001173,-0.0024969
6,2,0.2486,0.21729,0.091757,1,0.53531,0.043012,0.060606,0.045455,0.16667,0.12121,0.060606,0.16667,0.15152,0.090909,0.13636,0.63333,0,0.033333,0,0.033333,0,0,0.3,0.096332,0.58103,0.0066461,79.357,3.189,86,32,0.00025518,0.84,0,0,0.94141,6,6,7,6,0,-1,0,-1,0,-0.0012484
5,2,0.076164,0.054685,0.12018,1,0.4656,0.048001,0,0.10227,0.19318,0.14773,0.11364,0.15909,0.079545,0.18182,0.022727,0.63855,0.012048,0.072289,0,0.024096,0,0,0.25301,0.1228,0.62572,0.0043625,90,7.7409,117,45,0.00038215,0.94805,0.1039,0,0.86711,5,7,5,5,0,-1,-1,-1,-0.001173,-0.0012484
6,1,0.041754,0.041754,0.1427,1,0.40716,0.047177,0,0.043956,0.15385,0.010989,0.13187,0.26374,0.1978,0.065934,0.13187,0.63529,0.035294,0.047059,0,0.011765,0,0,0.27059,0.11191,0.68663,0.003827,90,5.2127,160,52,0.00033426,1,0.078652,0,0.93857,6,8,6,6,0,-1,-1,-1,-0.0017595,-0.0012484
5,2,0.13838,0.032502,0.15313,1,0.42893,0.055467,0.05,0.075,0.2,0.0625,0.1375,0.1375,0.125,0.2125,0,0.70667,0.026667,0.08,0,0.026667,0,0,0.16,0.13628,0.68848,0.003159,90,9.3825,95,37,0.00044109,0.93204,0,0,0.87658,5,5,5,5,-1,-1,-1,-1,-0.002346,-0.0012484
6,4,0.253,0.13859,0.10292,1,0.42369,0.041775,0.022989,0.034483,0.17241,0.12644,0.10345,0.16092,0.14943,0.068966,0.16092,0.48148,0.037037,0.024691,0,0.049383,0,0,0.40741,0.10963,0.66333,0.0063465,76.781,2.6476,130,30,0.00025701,0.98387,0.032258,0,1,7,6,6,6,0,-1,0,-1,0,-0.0037453
5,1,0.095463,0.095463,0.080949,1,0.52492,0.060225,0.21429,0.014286,0.071429,0.17143,0.071429,0.057143,0.24286,0.042857,0.11429,0.16923,0,0.015385,0,0.015385,0,0.061538,0.73846,0.13717,0.69112,0.035948,103.22,5.7114,114,37,0.000318,0.25,0.75,0,0.95385,7,5,5,5,-1,-1,-1,0,-0.00058651,0
5,2,0.28356,0.15605,0.15199,1,0.47439,0.085428,0.19481,0.038961,0.077922,0.15584,0.051948,0.064935,0.19481,0.038961,0.18182,0.013889,0,0,0,0.027778,0,0.11111,0.84722,0.1516,0.76506,0.017792,81.1,7.5699,96,45,0.00047836,0,0.89899,0,0.99673,6,5,6,5,0,-1,1,-1,0.0017595,-0.0037453
5,1,0.30899,0.30899,0.14264,1,0.44174,0.088278,0.20988,0.037037,0.037037,0.14815,0.08642,0.17284,0.22222,0.049383,0.037037,0.11842,0,0,0,0.013158,0,0.039474,0.82895,0.14519,0.73027,0.030576,90,3.6358,132,41,0.00034576,0.086957,0.73913,0,0.90099,5,5,6,5,0,-1,0,-1,0,-0.0012484
5,1,0.043247,0.043247,0.13659,1,0.5106,0.081981,0.18987,0.075949,0.037975,0.12658,0.10127,0.088608,0.18987,0.050633,0.13924,0,0,0,0,0.027027,0,0.13514,0.83784,0.13929,0.71163,0.012938,180,8.6973,100,38,0.00039782,0,0.91209,0,0.94249,5,7,5,5,0,-1,1,-1,0.001173,-0.0024969
6,1,0.27716,0.27716,0.093357,1,0.50577,0.055031,0.085366,0.036585,0.19512,0.10976,0.036585,0.14634,0.12195,0.10976,0.15854,0.52632,0.026316,0.039474,0,0.013158,0,0,0.39474,0.12763,0.7699,0.013198,90,4.8252,111,27,0.00012887,0.8871,0.17742,0,0.92949,6,6,6,6,0,-1,0,-1,0,-0.0012484
6,0,0,0,0.099831,1,0.55463,0.068967,0.047619,0.047619,0.21429,0.10714,0.095238,0.14286,0.071429,0.083333,0.19048,0.52564,0.012821,0.051282,0.012821,0.012821,0,0,0.38462,0.1323,0.81527,0.016707,90,6.3472,142,47,0.00035787,0.76471,0,0,0.89063,7,9,8,6,1,-1,-1,-1,-0.0017595,-0.0012484
5,0,0,0,0.12467,1,0.46184,0.080877,0.27632,0.092105,0,0.13158,0.10526,0.065789,0.10526,0.10526,0.11842,0.014085,0,0,0,0,0,0.098592,0.88732,0.14477,0.72942,0.0034071,84.632,5.3919,118,46,0.00046738,0.10976,1,0,0.92233,6,5,6,5,0,-1,1,0,0.00058651,0
5,0,0,0,0.15848,1,0.42933,0.074713,0,0.10345,0.16092,0,0.10345,0.25287,0.14943,0.10345,0.12644,0.54878,0.012195,0.085366,0,0.012195,0,0,0.34146,0.14804,0.74673,0.0083099,90,7.5437,106,50,0.00036743,0.96429,0,0,0.95482,6,5,6,5,0,-1,-1,-1,-0.0017595,-0.0037453
5,0,0,0,0.15033,1,0.47096,0.096728,0,0.078652,0.23596,0.078652,0.089888,0.1236,0.1573,0.044944,0.19101,0.63095,0.047619,0.035714,0,0,0,0.011905,0.27381,0.15192,0.7688,0.0086784,90,7.569,101,55,0.00059325,0.81731,0,0,0.89538,6,5,6,5,1,-1,0,-1,0,-0.0012484
7,2,0.095382,0.089895,0.11458,1,0.40398,0.068095,0.063063,0.054054,0.14414,0.045045,0.11712,0.1982,0.054054,0.14414,0.18018,0.44231,0.0096154,0.067308,0,0.057692,0.0096154,0.0096154,0.40385,0.12133,0.90251,0.015694,171.1,6.6651,178,54,0.00033891,0.75,0.325,0,0.92988,10,13,7,7,0,-1,0,-1,0,-0.0012484
6,6,0.29659,0.047327,0.11835,1,0.45386,0.06982,0.092784,0.16495,0.051546,0.13402,0.092784,0.092784,0.072165,0.12371,0.17526,0.41758,0,0.043956,0,0.065934,0.010989,0.065934,0.3956,0.1638,1.0044,0.017396,166.78,6.3221,115,44,0.00065985,0.56122,0.36735,0,0.93059,10,11,6,6,0,-1,-1,0,-0.00058651,0
6,4,0.30219,0.13134,0.15359,1,0.44532,0.087912,0.019231,0.038462,0.17308,0.096154,0.067308,0.14423,0.086538,0.096154,0.27885,0.47959,0.020408,0.05102,0,0.061224,0.010204,0.040816,0.33673,0.16068,0.99747,0.028608,109.41,5.8457,124,41,0.00055197,0.90756,0.27731,0,0.97802,9,12,7,6,0,-1,-1,-1,-0.00058651,-0.0012484
5,5,0.24949,0.031216,0.11047,1,0.52319,0.21745,0.076087,0.086957,0.17391,0.19565,0.097826,0.13043,0.086957,0,0.15217,0.44828,0.022989,0.022989,0,0.08046,0,0.011494,0.41379,0.18046,0.93963,0.025306,90,6.432,85,40,0.00073098,0.65657,1,0.068884,1,8,11,6,5,-1,0,0,-1,0,-0.0024969
3,2,0.14769,0,0.17137,1,0.52597,0.22634,0,0.016949,0.27119,0.22034,0.050847,0.22034,0.050847,0,0.16949,0.35714,0.017857,0.017857,0,0.053571,0,0.017857,0.53571,0.19912,0.62627,0.029419,180,6.6116,60,40,0.00080996,0.84483,1,0.22013,1,5,6,4,3,-1,-1,0,0,0,0
3,2,0.11051,0.047444,0.13558,1,0.49287,0.17607,0,0,0.20833,0.083333,0.1875,0.16667,0.125,0,0.22917,0.48889,0,0.044444,0,0.066667,0,0,0.4,0.17825,0.55928,0.012234,154.84,9.6726,40,33,0.00042274,1,0.88372,0.30201,1,5,6,3,3,-1,-1,0,-1,0,-0.0024969
3,2,0.2572,0.11091,0.14855,1,0.44202,0.1625,0,0.020833,0.22917,0.22917,0.14583,0.1875,0,0,0.1875,0.31111,0,0.088889,0,0.066667,0,0,0.53333,0.1567,0.48256,0.024704,180,10.92,40,19,0.00034756,0.75,1,0.25692,1,3,5,3,3,-1,-1,0,-1,0,-0.0024969
