function [qd] = DATA_damp
qd = [4,1,0.34446,0.34446,0.85529,1,0.82065,0.20303,0,0.22826,0,0.14674,0.22283,0.14674,0,0.25543,0,0.17222,0.016667,0.083333,0,0.016667,0.033333,0.47222,0.20556,0.34073,1.5541,0.069889,90,4.1566,240,75,0.013788,0.40024,1,0.010941,0.4814,5,7,5,6,1,-1,1,0,0.00058651,0
4,1,0.31027,0.31027,0.83544,1,0.91418,0.20845,0.021583,0.16547,0,0.10791,0.26619,0.17266,0.035971,0.23022,0,0.12593,0.014815,0.096296,0,0.014815,0.059259,0.41481,0.27407,0.3075,1.442,0.070637,46.784,3.5171,175,66,0.013772,0.30488,1,0.0072289,0.4988,6,7,7,6,1,1,1,0,0.001173,0
4,1,0.38886,0.38886,0.92644,1,0.87083,0.19135,0,0.18621,0,0.11034,0.28276,0.17931,0.027586,0.21379,0,0.12766,0.021277,0.085106,0.0070922,0.021277,0.12057,0.41135,0.20567,0.30253,1.3948,0.038936,90,8.7617,125,93,0.011896,0.46452,1,0.13232,0.48346,6,9,6,7,-1,-1,1,1,0.00058651,0.0024969
4,3,0.34183,0.30094,0.74552,1,0.90899,0.20881,0.021277,0.24113,0,0.12766,0.24113,0.11348,0,0.25532,0,0.029197,0.036496,0.051095,0,0.021898,0.21898,0.26277,0.37956,0.35109,1.6318,0.071352,180,5.6293,179,71,0.015973,0.3067,1,0.042945,0.51125,4,7,5,6,1,1,1,0,0.001173,0
4,2,0.24528,0.24528,1.4146,1,0.85083,0.18301,0,0.2037,0,0.15432,0.25309,0.19753,0,0.19136,0,0.12658,0.025316,0.050633,0,0.025316,0.056962,0.51899,0.1962,0.23638,1.074,0.0059736,90,6.5064,156,82,0.005799,0,1,0.41697,0.43542,6,10,4,7,1,0,1,1,0.0017595,0.0024969
4,0,0,0,1.7382,1,0.96285,0.192,0.025641,0.19658,0.1453,0.26496,0.18803,0,0.059829,0.11966,0,0.10619,0.061947,0.061947,0,0.026549,0.13274,0.47788,0.13274,0.15123,0.69227,0.0056646,154.84,9.0716,114,61,0.0029274,0.33277,1,0.2375,0.25625,5,7,4,7,0,-1,1,0,0.0017595,0
4,0,0,0,1.2867,1,0.91131,0.13922,0.074627,0.1194,0,0.20896,0.18657,0.15672,0.15672,0.097015,0,0.030769,0.0076923,0.12308,0,0.023077,0.1,0.46923,0.24615,0.14416,0.67233,0.015699,90,6.1691,149,69,0.0025447,0.3186,1,0.11465,0.38854,5,7,6,5,0,-1,1,0,0.00058651,0
4,0,0,0,1.2833,1,0.84616,0.19166,0.1,0.16429,0.1,0.29286,0.11429,0.014286,0.10714,0.10714,0,0.088235,0.022059,0.088235,0,0.014706,0.095588,0.45588,0.23529,0.17694,0.83199,0.013439,90,7.1449,175,77,0.0046905,0.31429,1,0.17073,0.34634,5,7,4,7,0,-1,1,0,0.0017595,0
4,1,0.22528,0.22528,1.4968,1,0.9009,0.17475,0,0.1634,0,0.20261,0.28758,0.15033,0,0.19608,0,0.026846,0,0.087248,0,0.0067114,0.10738,0.52349,0.24832,0.17351,0.77842,0.0023541,90,5.7875,146,76,0.0029304,0,1,0.4734,0.3883,6,8,4,7,1,0,1,0,0.0017595,0
4,2,0.18211,0.17165,1.0293,1,0.8687,0.13459,0.02439,0.21951,0,0.21138,0.20325,0.15447,0.03252,0.15447,0,0.02521,0.042017,0.067227,0,0.033613,0.11765,0.45378,0.2605,0.16563,0.78837,0.015112,180,8.1776,122,63,0.0044491,0.3527,1,0.18182,0.40455,6,8,6,4,0,-1,1,0,0.001173,0
4,5,0.26557,0.20594,1.0755,1,0.84899,0.17544,0.013889,0.1875,0,0.16667,0.25694,0.13194,0,0.24306,0,0.064286,0.028571,0.071429,0,0.05,0.071429,0.45,0.26429,0.20901,0.96902,0.026137,90,5.4445,133,55,0.0059132,0.368,1,0.1978,0.59341,6,8,5,7,-1,0,1,0,0.0017595,0
4,0,0,0,0.95437,1,0.87514,0.166,0.034722,0.20139,0,0.13889,0.27083,0.1875,0.0625,0.10417,0,0.11429,0,0.092857,0,0.014286,0.11429,0.45,0.21429,0.20118,0.97568,0.020831,90,6.1301,144,79,0.0078567,0.34251,1,0.21678,0.53846,5,8,5,7,0,-1,1,0,0.001173,0
4,0,0,0,1.7264,1,0.79077,0.14447,0,0.16541,0.0075188,0.22556,0.21805,0.2406,0,0.097744,0.045113,0.03876,0.03876,0.054264,0,0.0077519,0.14729,0.45736,0.25581,0.19047,0.83366,6.0339e-05,90,7.9146,115,80,0.0035311,0,1,0.51942,0.46602,5,8,4,4,1,0,1,0,0.00058651,0
4,3,0.29347,0.27337,1.0253,1,0.86619,0.22037,0.010309,0.19072,0,0.12371,0.26804,0.19072,0.025773,0.19072,0,0.031579,0.052632,0.026316,0,0.021053,0.036842,0.5,0.33158,0.27145,1.2245,0.051561,90,5.5136,198,88,0.0090209,0.31671,1,0,0.47059,5,7,5,4,1,0,1,0,0.00058651,0
4,2,0.19646,0.1765,1.2906,1,0.74069,0.13558,0,0.18,0,0.16,0.2,0.21,0,0.25,0,0.0625,0.052083,0.052083,0,0.020833,0.14583,0.40625,0.26042,0.15034,0.72392,0.025346,90,6.1608,93,47,0.0032051,0.34,1,0.087912,0.48352,5,5,6,5,1,0,1,0,0.00058651,0
4,1,0.23564,0.23564,1.3779,1,0.8086,0.20006,0,0.17606,0,0.14789,0.27465,0.16197,0,0.23944,0,0.15217,0,0.12319,0,0.014493,0.043478,0.51449,0.15217,0.2246,1.055,0.042607,90,4.8669,159,69,0.0060472,0.41745,1,0,0.50787,4,8,5,7,1,0,0,0,0,0
4,0,0,0,1.0619,1,0.85883,0.18661,0,0.20946,0,0.13514,0.2973,0.14865,0,0.20946,0,0.125,0.027778,0.076389,0,0.013889,0.027778,0.50694,0.22222,0.23944,1.081,0.049487,105.25,7.559,188,86,0.0068691,0.40028,1,0.019048,0.53333,4,7,5,5,1,0,1,0,0.00058651,0
4,1,0.21261,0.21261,2.0426,1,0.80989,0.18509,0,0.18065,0,0.13548,0.24516,0.2,0,0.23871,0,0.039735,0.039735,0.072848,0,0.0066225,0.072848,0.51656,0.25166,0.20666,0.93655,0.00024085,90,5.5549,171,87,0.0042759,0,1,0.57609,0.51087,5,6,4,6,1,0,1,0,0.0017595,0
4,2,0.25005,0,1.9599,1,0.80837,0.20629,0,0.18902,0,0.16463,0.27439,0.17073,0,0.20122,0,0.05625,0.05,0.075,0,0.01875,0.01875,0.5625,0.21875,0.20535,0.95245,0.0023561,90,5.1417,183,78,0.0050967,0,1,0.38384,0.55556,6,7,5,5,1,0,0,0,0,0
4,2,0.25916,0.25382,2.3748,1,0.83469,0.25427,0,0.18065,0,0.16129,0.27097,0.12258,0,0.26452,0,0.02649,0.039735,0.10596,0,0.039735,0.046358,0.51656,0.22517,0.20236,0.95807,0.018897,90,6.9037,167,95,0.0048723,0.40772,1,0.10366,0.53659,5,9,4,5,0,-1,1,0,0.00058651,0
4,0,0,0,1.8615,1,0.85832,0.22405,0,0.18889,0,0.17778,0.24444,0.17778,0.016667,0.19444,0,0.0056818,0.028409,0.090909,0,0.0056818,0.0625,0.53977,0.26705,0.21628,1.0883,0.0019405,90,5.1196,212,91,0.007712,0,1,0.47887,0.44601,5,9,4,6,1,0,1,1,0.001173,0.0037453
4,1,0.24699,0.24699,2.7359,1,0.95478,0.21831,0,0.16667,0,0.18254,0.23016,0.23016,0,0.19048,0,0.040984,0.032787,0.065574,0,0.0081967,0.13115,0.53279,0.18852,0.16838,0.78394,0.0019431,90,7.1948,95,73,0.0031918,0,1,0.53676,0.34559,6,9,4,4,1,0,1,0,0.001173,0
4,0,0,0,2.6645,1,1.0127,0.23642,0.028986,0.16667,0,0.17391,0.21739,0.18841,0.0072464,0.21739,0,0.089552,0.022388,0.10448,0,0.0074627,0.097015,0.52239,0.15672,0.16572,0.78318,0.019594,90,5.9396,150,79,0.0031653,0.30921,1,0.022388,0.35075,4,10,5,6,1,0,1,1,0.001173,0.0012484
4,1,0.19944,0.19944,1.831,1,0.96847,0.17368,0.028037,0.16822,0,0.1215,0.2243,0.16822,0,0.28972,0,0,0.038835,0.097087,0,0.029126,0.097087,0.38835,0.34951,0.15806,0.74609,0.024857,136.78,7.1895,107,55,0.0027602,0.29276,1,0.076923,0.40385,4,6,5,5,1,1,1,0,0.00058651,0
4,3,0.5963,0.46666,0.1819,1,0.85566,0.40839,0.040541,0.17568,0.027027,0.18243,0.22297,0.19595,0,0.15541,0,0.15278,0,0.0069444,0,0.14583,0.097222,0.20139,0.39583,0.241,1.3195,0.071796,90,6.7539,133,75,0.0077136,0.53383,0.34962,0,1,7,8,6,5,0,-1,0,-1,0,-0.0024969
5,1,0.33754,0.33754,0.16523,1,0.83527,0.46843,0.085714,0.15714,0.028571,0.16429,0.22857,0.14286,0,0.19286,0,0.21481,0.0074074,0,0,0.014815,0.044444,0.23704,0.48148,0.23303,1.2582,0.056729,90,4.9747,153,66,0.0030001,0.30932,0.36441,0,1,7,8,5,5,0,-1,-1,-1,-0.0029326,-0.0024969
5,2,0.38509,0.077459,0.19924,1,0.79598,0.3875,0.043796,0.16788,0.051095,0.16788,0.20438,0.17518,0.11679,0.072993,0,0.40152,0,0.030303,0,0.0075758,0.037879,0.19697,0.32576,0.24484,1.3118,0.049188,90,8.0486,114,89,0.0034444,0.51661,0.30258,0,1,6,10,6,5,0,-1,0,-1,0,-0.0024969
5,4,0.51163,0,0.14978,1,0.85022,0.061634,0,0.088,0.032,0.184,0.208,0.248,0,0.24,0,0.29167,0,0.0083333,0,0.083333,0.075,0.16667,0.375,0.21371,1.2526,0.0084533,180,5.2527,142,74,0.0023321,0.23415,0.61951,0.47589,0.36392,7,11,5,7,1,1,0,0,0,0
5,1,0.15174,0.15174,0.1679,1,0.76147,0.076364,0,0,0.20879,0.15385,0.18681,0.28571,0.065934,0.098901,0,0.25581,0,0.011628,0,0.011628,0.081395,0.15116,0.48837,0.18364,1.0029,0.0099492,96.699,5.7133,90,50,0.0021528,0.08867,0.6798,0.40317,0.36444,7,7,5,5,-1,-1,0,-1,0,-0.0024969
4,3,0.40397,0.35845,2.0942,1,1.1262,0.34615,0,0.15337,0,0.16564,0.31902,0.19018,0,0.17178,0,0.12579,0.0062893,0.081761,0,0.025157,0.10692,0.54088,0.11321,0.28432,1.2999,0.037811,90,7.8432,96,72,0.0075886,0.36928,1,0.011538,0.41923,4,7,5,8,1,0,1,0,0.00058651,0
