function [q2] = DATA_lowercase
a=[1,0,0,0,0.51271,1,0.61726,0.20586,0.054795,0.09589,0.20548,0.068493,0,0.16438,0.09589,0.12329,0.19178,0.083333,0.027778,0.083333,0.055556,0.26389,0.027778,0.11111,0.34722,0.20604,0.776,0.08301,90,17.749,23,45,0.020359,0.75771,1,0.21635,1,3,2,2,3,-1,1,1,0,0.001173,0
1,2,0.21141,0.059815,0.86793,1,0.72178,0.18438,0.073529,0.27941,0,0.073529,0.11765,0,0.14706,0.11765,0.19118,0.13433,0.029851,0.044776,0.13433,0.1791,0.029851,0.16418,0.28358,0.18544,0.80715,0.066726,154.84,10.962,15,48,0.024572,0.55657,1,0.25424,1,3,2,2,3,-1,1,1,0,0.002346,0
1,2,0.23391,0.12066,0.51231,1,0.59654,0.20709,0.071429,0.085714,0.22857,0.028571,0.014286,0.18571,0.17143,0.085714,0.12857,0.14493,0,0.072464,0.057971,0.31884,0.043478,0.072464,0.28986,0.20718,0.87409,0.058393,180,18.032,15,41,0.0241,0.77593,1,0.25792,1,3,2,2,3,0,1,1,0,0.00058651,0
1,3,0.18052,0.10155,0.56714,1,0.67981,0.2259,0.11688,0.090909,0.22078,0.051948,0,0.15584,0.077922,0.090909,0.19481,0.14474,0.013158,0.078947,0.052632,0.28947,0.026316,0.078947,0.31579,0.22578,0.87471,0.080226,90,15.374,24,47,0.025877,0.70149,0.99627,0.2027,1,3,2,3,3,0,1,-1,0,-0.00058651,0
1,2,0.10152,0.001173,0.6248,1,0.69246,0.19009,0.075269,0.11828,0.17204,0.043011,0.032258,0.10753,0.12903,0.10753,0.21505,0.11957,0.021739,0.097826,0.054348,0.23913,0.032609,0.097826,0.33696,0.18976,0.83667,0.069877,90,18.297,28,65,0.021452,0.64885,0.99237,0.25888,1,3,2,3,3,0,1,-1,0,-0.001173,0
1,5,0.25499,0.0048052,0.65289,1,0.66148,0.21297,0.12048,0.3494,0,0.048193,0.096386,0.012048,0.096386,0.036145,0.24096,0.13415,0.036585,0.073171,0.060976,0.26829,0.012195,0.17073,0.2439,0.2093,0.78775,0.047787,180,17.549,21,44,0.018392,0.47232,0.97417,0.19487,0.98974,3,3,3,3,0,1,-1,1,-0.0035191,0.0024969
1,1,0.1597,0.1597,0.52762,1,0.73078,0.1142,0.125,0.1875,0.16667,0.0625,0.1875,0,0.083333,0.020833,0.16667,0.12766,0.042553,0.042553,0.06383,0.25532,0.021277,0.12766,0.31915,0.11462,0.5135,0.021324,180,22.289,12,30,0.0068646,0.67123,1,0.31538,1,3,2,2,3,0,1,1,0,0.0017595,0
1,1,0.17429,0.17429,0.51839,1,0.68668,0.14908,0.069767,0.13953,0.25581,0.046512,0.13953,0,0.16279,0.046512,0.13953,0.19048,0.02381,0.02381,0.071429,0.2619,0.047619,0.11905,0.2619,0.1472,0.56029,0.039303,180,23.067,9,29,0.008351,0.71875,1,0.18621,0.98621,3,3,2,3,0,1,1,1,0.0035191,0.0024969
1,1,0.17496,0.17496,0.51806,1,0.57803,0.14471,0.090909,0.22727,0.18182,0.045455,0.11364,0,0.11364,0.045455,0.18182,0.2093,0.023256,0.046512,0.023256,0.34884,0.046512,0.093023,0.2093,0.14485,0.60709,0.04871,180,23.579,9,27,0.0094244,0.65217,1,0.18493,0.9589,3,3,2,3,0,1,1,0,0.00058651,0
1,1,0.19624,0.19624,0.79621,1,0.59635,0.16963,0.054054,0.37838,0,0.027027,0.13514,0,0.13514,0.081081,0.18919,0.13889,0.055556,0.027778,0.055556,0.27778,0.055556,0.13889,0.25,0.16748,0.70529,0.068629,180,22.812,12,22,0.015076,0.62452,1,0.15584,0.97403,3,3,2,3,-1,1,1,1,0.00058651,0.0024969
1,2,0.13008,0.082211,0.9238,1,0.63533,0.11411,0.15,0.275,0,0.075,0.175,0,0.075,0.075,0.175,0.17949,0,0.076923,0.051282,0.33333,0.076923,0.076923,0.20513,0.11266,0.56339,0.013263,180,21.907,8,21,0.011955,0.44017,1,0.36975,0.92437,3,3,2,3,0,1,1,1,0.00058651,0.0024969
1,2,0.12433,0.079863,0.84265,1,0.62752,0.11769,0.15385,0.10256,0.15385,0.051282,0.10256,0.051282,0.12821,0.051282,0.20513,0.15789,0.026316,0.052632,0.026316,0.34211,0.052632,0.13158,0.21053,0.11808,0.57181,0.031476,180,24.609,7,18,0.014003,0.4115,1,0.25397,0.81746,3,3,2,3,0,1,1,0,0.00058651,0
1,0,0,0,0.84487,1,0.57485,0.13474,0.04878,0.19512,0,0.073171,0.19512,0,0.17073,0.097561,0.21951,0.125,0,0.025,0.025,0.3,0.025,0.225,0.275,0.13271,0.53268,0.06249,166.78,27.506,8,18,0.012151,0.40359,1,0.16129,0.85484,3,3,2,3,0,1,0,1,0,0.0024969
1,1,0.11637,0.11637,0.77303,1,0.48608,0.11465,0.02439,0.19512,0.12195,0.04878,0.12195,0,0.19512,0.073171,0.21951,0.175,0.025,0.025,0.025,0.3,0.075,0.2,0.175,0.11242,0.47599,0.051803,180,20.941,7,25,0.0084513,0.51381,1,0.18182,0.90909,3,3,2,3,0,1,0,1,0,0.0024969
1,1,0.14061,0.14061,0.55209,1,0.5108,0.13906,0.088889,0.31111,0,0.044444,0.17778,0,0.13333,0.066667,0.17778,0.090909,0,0.090909,0.045455,0.25,0.022727,0.13636,0.36364,0.1398,0.54652,0.068901,180,20.545,13,26,0.0098916,0.6087,1,0.080292,0.86861,3,2,2,3,0,1,1,0,0.0029326,0
1,3,0.14642,0.12291,0.53355,1,0.54238,0.12832,0.045455,0.22727,0.18182,0.068182,0.11364,0,0.13636,0.090909,0.13636,0.2093,0.023256,0.046512,0.046512,0.32558,0.046512,0.13953,0.16279,0.12768,0.54458,0.035929,180,22.226,10,22,0.0084184,0.56604,1,0.25714,0.95,3,3,2,3,0,1,1,1,0.0017595,0.0012484
1,1,0.11299,0.11299,0.78027,1,0.57169,0.11242,0.066667,0.17778,0.15556,0.022222,0.066667,0.066667,0.15556,0.088889,0.2,0.13636,0.022727,0.022727,0.022727,0.29545,0.045455,0.15909,0.29545,0.11299,0.46477,0.052025,166.78,17.468,13,26,0.0098023,0.50785,1,0.15652,0.84348,3,2,2,3,0,0,1,0,0.001173,0
1,1,0.15356,0.15356,0.58949,1,0.55343,0.14287,0.022727,0.13636,0.29545,0.022727,0,0.15909,0.11364,0.068182,0.18182,0.2093,0.023256,0.069767,0.069767,0.30233,0.069767,0.093023,0.16279,0.14568,0.6427,0.038441,180,30.345,9,18,0.015964,0.72081,0.98985,0.27389,1,3,2,2,3,0,1,1,-1,0.0017595,-0.0024969
1,1,0.12611,0.12611,0.52039,1,0.4767,0.12474,0.057143,0.17143,0.17143,0.028571,0,0.17143,0.17143,0.028571,0.2,0.17647,0.029412,0.029412,0.058824,0.29412,0.029412,0.14706,0.23529,0.12789,0.51491,0.048972,180,25.641,9,12,0.010934,0.61111,1,0.20769,0.96923,3,2,3,3,1,1,1,-1,0.0029326,-0.0024969
1,0,0,0,0.60837,1,0.55774,0.14782,0.073171,0.12195,0.17073,0.02439,0,0.17073,0.12195,0.073171,0.2439,0.125,0.025,0.025,0.05,0.3,0.05,0.125,0.3,0.14796,0.50623,0.079153,64.836,13.877,13,23,0.010984,0.66111,1,0.064748,0.89209,2,2,1,3,-1,1,1,0,0.00058651,0
1,0,0,0,0.4002,1,0.47826,0.13539,0.026316,0.10526,0.28947,0.052632,0.026316,0.13158,0.18421,0.026316,0.15789,0.21622,0.027027,0.054054,0.027027,0.32432,0,0.16216,0.18919,0.1355,0.52778,0.032947,166.78,22.772,9,22,0.0070839,0.73913,0.93913,0.17037,0.97037,3,2,2,3,0,1,1,0,0.001173,0
1,1,0.16268,0.16268,0.42709,1,0.49546,0.15117,0.04878,0.073171,0.29268,0.04878,0.02439,0.12195,0.17073,0.02439,0.19512,0.225,0,0.05,0.075,0.275,0.05,0.075,0.25,0.15128,0.58185,0.038853,180,20.795,7,24,0.0098107,0.9,1,0.20779,0.99351,3,3,2,3,0,1,1,0,0.002346,0
1,2,0.15014,0.12623,0.4881,1,0.44015,0.10453,0,0.090909,0.40909,0.045455,0.045455,0.13636,0.13636,0.022727,0.11364,0.2093,0,0.069767,0.023256,0.4186,0.023256,0.093023,0.16279,0.10477,0.64187,0.0072226,180,21.178,7,24,0.0080416,0.7625,1,0.31818,0.85065,3,3,3,3,1,1,1,0,0.001173,0
1,1,0.10683,0.10683,0.67895,1,0.6354,0.14301,0.027027,0.2973,0.081081,0.054054,0.10811,0.054054,0.10811,0.081081,0.18919,0.16667,0.027778,0.055556,0.027778,0.22222,0.027778,0.22222,0.25,0.14319,0.51287,0.077748,180,22.922,7,24,0.011102,0.63981,1,0.020548,0.76712,3,2,2,3,-1,1,1,0,0.00058651,0
1,1,0.11009,0.11009,0.59538,1,0.57725,0.081563,0.055556,0.055556,0.33333,0.055556,0,0.13889,0.13889,0.11111,0.11111,0.17143,0.028571,0.057143,0.057143,0.28571,0.057143,0.11429,0.22857,0.081624,0.43596,0.0046333,71.212,21.838,11,16,0.0055111,0.88281,1,0.35644,1,3,2,2,3,0,1,1,0,0.00058651,0
1,0,0,0,0.53428,1,0.58826,0.12269,0.088889,0.13333,0.11111,0.022222,0.088889,0.11111,0.13333,0.11111,0.2,0.11364,0.022727,0.045455,0.045455,0.27273,0.022727,0.15909,0.31818,0.12292,0.59148,0.024563,154.84,31.869,11,24,0.010779,0.51149,1,0.41176,1,3,2,3,3,1,1,1,0,0.00058651,0
1,0,0,0,0.69203,1,0.59923,0.1555,0.04878,0.29268,0,0.02439,0.17073,0,0.12195,0.073171,0.26829,0.1,0.025,0.075,0.025,0.3,0.025,0.175,0.275,0.15102,0.64704,0.056818,173.3,19.812,10,23,0.017052,0.52846,1,0.24551,0.89222,3,3,3,3,1,1,0,1,0,0.0049938
1,1,0.16469,0.16469,0.56123,1,0.62482,0.12614,0,0.095238,0.35714,0.071429,0,0.11905,0.11905,0.071429,0.16667,0.2439,0.02439,0.04878,0.04878,0.34146,0.04878,0.12195,0.12195,0.12626,0.65288,0.025293,180,17.101,18,19,0.011261,0.75281,1,0.24832,0.91275,3,2,2,3,0,1,1,0,0.00058651,0
