function [qb] = DATA_box
qb = [3,2,0.11627,0.11237,0.34105,1,0.60081,0.07765,0.11392,0.063291,0.13924,0.063291,0,0.063291,0.17722,0.075949,0.3038,0.052632,0,0,0,0.039474,0.092105,0.36842,0.44737,0.19897,0.65997,0.037304,90,9.3561,69,41,0.0035807,0.046358,0.96689,0.024038,0.9375,4,5,3,4,-1,-1,1,0,0.001173,0
3,0,0,0,0.41711,1,0.49638,0.11146,0.10959,0.082192,0.15068,0.068493,0,0.068493,0.17808,0.054795,0.28767,0.12857,0,0,0,0,0.071429,0.37143,0.42857,0.21112,0.6987,0.032202,90,5.1433,74,42,0.0036933,0.10526,1,0,0.99065,5,5,4,3,-1,-1,0,-1,0,-0.0024969
3,1,0.15143,0.15143,0.4799,1,0.49274,0.10968,0.14063,0.0625,0.20313,0.046875,0,0.078125,0.1875,0.046875,0.23438,0.21311,0,0,0,0.016393,0.081967,0.40984,0.27869,0.18635,0.63473,0.029629,90,3.6395,75,31,0.0034713,0.16842,1,0,0.91398,4,6,3,4,0,-1,1,0,0.0017595,0
3,1,0.073847,0.073847,0.44463,1,0.52943,0.092496,0.084746,0.10169,0.16949,0.067797,0,0.067797,0.18644,0.033898,0.28814,0.19643,0,0,0,0.053571,0.035714,0.41071,0.30357,0.16135,0.51795,0.022586,90,10.29,41,34,0.00196,0.2327,1,0,0.86905,4,4,3,4,-1,-1,1,1,0.001173,0.0024969
1,1,0.20936,0.20936,0.4158,1,0.48469,0.01293,0.23188,0.072464,0.17391,0.057971,0,0.057971,0.21739,0.057971,0.13043,0.11765,0.10294,0.19118,0,0.20588,0.014706,0.17647,0.19118,0.01331,0.58664,0.094125,180,20.153,35,36,0.017137,0.12987,0.032468,0.057471,0.10345,2,3,2,3,-1,-1,-1,0,-0.00058651,0
1,0,0,0,0.40735,1,0.42062,0.017537,0.22807,0.052632,0.14035,0.070175,0,0.070175,0.15789,0.10526,0.17544,0.19643,0.017857,0.23214,0.071429,0.21429,0.071429,0.089286,0.10714,0.019394,0.51924,0.07643,90,17.875,21,33,0.013828,0,0.15328,0.088608,0.012658,2,2,2,2,1,1,0,1,0,0.0024969
1,3,0.1436,0.062422,0.32381,1,0.44687,0.0041056,0.19118,0.029412,0.16176,0.10294,0,0.088235,0.20588,0.044118,0.17647,0.044776,0.029851,0.19403,0.074627,0.23881,0.059701,0.10448,0.25373,0.0046921,0.55317,0.098016,90,11.518,34,39,0.015091,0,0.065574,0.062147,0.062147,2,2,2,2,1,1,1,0,0.00058651,0
1,1,0.07241,0.07241,0.3132,1,0.38483,0.00058651,0.19355,0.032258,0.16129,0.080645,0,0.064516,0.19355,0.048387,0.22581,0.19672,0,0.19672,0.04918,0.2459,0.04918,0.14754,0.11475,0.00058651,0.57482,0.11076,90,16.961,27,42,0.015141,0.031746,0.02381,0.047619,0.047619,2,2,2,2,1,1,0,0,0,0
1,1,0.13625,0.13625,0.24489,1,0.49011,0.020519,0.19444,0.041667,0.125,0.097222,0,0.097222,0.16667,0.055556,0.22222,0.028169,0.11268,0.056338,0.11268,0.28169,0.098592,0.042254,0.26761,0.022957,0.552,0.0636,90,12.166,37,40,0.011652,0,0.081633,0.095745,0,1,2,2,2,1,1,0,1,0,0.0024969
1,1,0.089072,0.089072,0.33589,1,0.40965,0.018461,0.13187,0.087912,0.23077,0.076923,0,0.076923,0.15385,0.054945,0.18681,0.066667,0.1,0.16667,0,0.36667,0.022222,0.16667,0.11111,0.018747,0.68249,0.12289,90,16.378,39,66,0.021233,0.10811,0,0.024155,0.086957,3,5,3,3,-1,-1,-1,0,-0.00058651,0
3,2,0.17236,0.15991,0.54867,1,0.50382,0.081179,0.125,0.069444,0.18056,0.055556,0,0.055556,0.20833,0.041667,0.26389,0.10145,0,0.028986,0,0.043478,0.10145,0.4058,0.31884,0.13722,0.49455,0.029096,70.467,8.3634,56,38,0.0023833,0,0.9375,0,0.9635,4,5,3,4,1,-1,1,0,0.0017595,0
1,0,0,0,0.42128,1,0.51406,0.0081749,0.15789,0.065789,0.18421,0.078947,0,0.065789,0.19737,0.078947,0.17105,0.093333,0.04,0.2,0,0.26667,0.026667,0.22667,0.14667,0.0089771,0.63233,0.11388,90,12.698,37,50,0.020816,0.066667,0,0.038043,0.01087,2,4,2,4,-1,-1,-1,0,-0.001173,0
1,0,0,0,0.35591,1,0.42283,0.011991,0.18966,0.034483,0.2069,0.10345,0,0.086207,0.15517,0.017241,0.2069,0.052632,0.017544,0.14035,0.12281,0.19298,0.017544,0.17544,0.2807,0.01293,0.52396,0.083236,90,9.9332,35,37,0.013731,0.112,0,0.048485,0,2,2,3,2,1,1,0,1,0,0.0012484
1,0,0,0,0.4394,1,0.36903,0.013258,0.13953,0.093023,0.18605,0.069767,0,0.069767,0.19767,0.10465,0.13953,0.047059,0.035294,0.23529,0,0.25882,0.11765,0.094118,0.21176,0.013579,0.54518,0.086921,90,20.968,42,52,0.015421,0.081761,0,0.12353,0.070588,1,2,2,2,0,-1,-1,0,-0.00058651,0
1,1,0.093145,0.093145,0.46979,1,0.34654,0.021872,0.16667,0.051282,0.16667,0.076923,0,0.038462,0.26923,0.089744,0.14103,0.11688,0.012987,0.22078,0,0.22078,0.012987,0.27273,0.14286,0.023089,0.52337,0.09006,90,10.38,47,39,0.013676,0.18182,0,0.097403,0.012987,2,3,2,3,0,-1,-1,0,-0.0017595,0
1,1,0.19031,0.19031,0.45727,1,0.92559,0.010798,0.14815,0.049383,0.20988,0.11111,0,0.08642,0.14815,0.061728,0.18519,0.0875,0.0375,0.2,0,0.2625,0.0125,0.2,0.2,0.010589,0.53293,0.098267,180,10.437,52,49,0.015505,0.047945,0.089041,0,0.053333,2,3,2,3,-1,-1,-1,0,-0.00058651,0
1,2,0.15737,0.11495,0.50265,1,0.81966,0.014053,0.1978,0.087912,0.16484,0.065934,0,0.065934,0.1978,0.087912,0.13187,0,0.022222,0.27778,0,0.24444,0,0.25556,0.2,0.013337,0.50596,0.093099,90,14.375,52,46,0.014523,0,0.052288,0,0.06993,1,3,2,3,0,-1,-1,0,-0.0017595,0
3,0,0,0,0.45472,1,0.70835,0.10414,0.14865,0.040541,0.2027,0.081081,0,0.054054,0.2027,0.054054,0.21622,0.12676,0,0.014085,0,0.014085,0.014085,0.4507,0.38028,0.19252,0.65477,0.025882,88.654,10.133,72,46,0.0043272,0.0055249,1,0.042781,1,5,4,5,4,1,-1,1,0,0.0017595,0
3,2,0.11869,0.025083,0.56652,1,0.61573,0.1173,0.11268,0.084507,0.14085,0.084507,0,0.070423,0.19718,0.084507,0.22535,0.088235,0,0,0,0.044118,0.073529,0.38235,0.41176,0.17094,0.58233,0.023139,90,4.7368,66,43,0.0030104,0.02439,1,0.082353,0.93529,5,5,3,4,0,-1,1,1,0.002346,0.0024969
1,2,0.13737,0.12374,0.42518,1,0.54279,0.0087391,0.19318,0.045455,0.21591,0.079545,0,0.079545,0.18182,0.068182,0.13636,0.057471,0.022989,0.26437,0,0.28736,0.034483,0.17241,0.16092,0.0088175,0.59045,0.097358,90,9.9102,50,50,0.018529,0.018519,0.0061728,0.072626,0.03352,2,4,3,2,1,-1,-1,0,-0.001173,0
1,2,0.19351,0.079142,0.34267,1,0.51895,0.0024969,0.19048,0.083333,0.19048,0.071429,0,0.083333,0.17857,0.059524,0.14286,0.048193,0.036145,0.24096,0.024096,0.26506,0.048193,0.13253,0.20482,0.0025648,0.54974,0.093014,90,13.414,44,52,0.015023,0.0080645,0,0.052941,0.064706,2,3,3,3,1,-1,-1,0,-0.00058651,0
1,1,0.17691,0.17691,0.40377,1,0.47874,0.012176,0.15942,0.072464,0.2029,0.072464,0,0.072464,0.2029,0.057971,0.15942,0.073529,0.058824,0.22059,0,0.26471,0,0.22059,0.16176,0.012414,0.60582,0.097375,90,12.278,36,45,0.019443,0.081761,0.025157,0.091892,0.043243,2,3,2,3,0,-1,-1,0,-0.00058651,0
1,2,0.2212,0.1649,0.34735,1,0.51921,0.0090485,0.20779,0.064935,0.1039,0.077922,0,0.064935,0.20779,0.064935,0.20779,0.052632,0.039474,0.22368,0.026316,0.27632,0.092105,0.078947,0.21053,0.0087587,0.60266,0.099011,180,20.106,33,42,0.017986,0.11511,0.1223,0.085106,0.047872,2,2,3,2,1,1,-1,0,-0.0017595,0
1,1,0.073954,0.073954,0.28694,1,0.44768,0.014629,0.21519,0.063291,0.16456,0.075949,0,0.10127,0.1519,0.075949,0.1519,0.15385,0.038462,0.14103,0,0.30769,0.038462,0.17949,0.14103,0.015708,0.50923,0.088348,90,7.2769,46,39,0.010978,0,0.12745,0.065868,0,2,2,2,2,1,1,0,1,0,0.0012484
1,1,0.21693,0.21693,0.2891,1,0.61205,0.016672,0.17808,0.041096,0.13699,0.082192,0,0.082192,0.19178,0.082192,0.20548,0.027778,0.055556,0.19444,0.013889,0.30556,0,0.15278,0.25,0.01492,0.55585,0.12679,90,8.6015,45,38,0.015217,0,0.19643,0,0.032967,3,5,3,1,1,0,1,1,0.00058651,0.0037453
1,0,0,0,0.46294,1,0.48649,0.002346,0.22222,0.031746,0.14286,0.095238,0,0.047619,0.22222,0.031746,0.20635,0.032258,0.048387,0.19355,0.064516,0.16129,0.064516,0.17742,0.25806,0.0017595,0.47292,0.078077,90,17.81,34,40,0.013,0,0.022222,0.051095,0.051095,2,2,3,2,1,-1,-1,0,-0.00058651,0
1,1,0.049969,0.049969,0.42656,1,0.45972,0.0051392,0.20779,0.090909,0.19481,0.064935,0,0.038961,0.20779,0.064935,0.12987,0.13158,0.039474,0.23684,0,0.26316,0.078947,0.11842,0.13158,0.0060036,0.54389,0.092249,90,16.754,36,45,0.015756,0.12162,0.067568,0.03681,0.055215,2,2,2,2,0,-1,-1,0,-0.001173,0
1,1,0.15594,0.15594,0.43828,1,0.43549,0.010141,0.17284,0.074074,0.19753,0.061728,0,0.08642,0.18519,0.061728,0.16049,0.0125,0.025,0.2375,0.0125,0.25,0.05,0.175,0.2375,0.010056,0.56585,0.09643,90,10.268,48,49,0.01738,0.0065359,0.019608,0.054878,0.0060976,2,4,2,3,-1,-1,-1,0,-0.00058651,0
