function qh = DATA_h
qh = [1,1,0.07971,0.07971,0.1562,1,0.49283,0.45975,0,0.17857,0,0.089286,0.16071,0,0.30357,0.14286,0.125,0.45455,0,0,0,0.2,0.018182,0.090909,0.23636,0.4917,0.81323,0.29493,175.52,15.92,24,36,0.01684,0.58015,1,0,0.99746,2,4,1,2,0,-1,1,1,0.0017595,0.0012484
1,3,0.17603,0.11624,0.22468,1,0.52004,0.49265,0,0.17742,0,0.064516,0.12903,0,0.32258,0.16129,0.14516,0.34426,0,0.016393,0,0.2459,0,0.098361,0.29508,0.52024,0.90605,0.32739,90,11.73,28,34,0.024531,0.4899,1,0,1,2,2,1,2,0,-1,1,0,0.0017595,0
1,3,0.19944,0.0027587,0.25151,1,0.45042,0.37077,0,0.14815,0,0.12963,0.055556,0,0.25926,0.22222,0.18519,0.41509,0,0,0,0.26415,0.018868,0.075472,0.22642,0.36843,0.63093,0.23268,171.1,16.798,20,30,0.014261,0.5283,1,0,0.98653,2,4,1,2,-1,-1,1,1,0.001173,0.0024969
1,2,0.27904,0.10935,0.23752,1,0.42422,0.42266,0,0.10145,0.10145,0.014493,0.14493,0,0.28986,0.18841,0.15942,0.35294,0,0.014706,0,0.20588,0.073529,0.088235,0.26471,0.42159,0.80242,0.13307,154.84,20.594,28,43,0.018656,0.74586,1,0,0.94134,2,4,1,2,-1,-1,1,1,0.0029326,0.0012484
1,2,0.26908,0.11923,0.29076,1,0.44031,0.4158,0.10938,0,0,0.17188,0.15625,0,0.23438,0.125,0.20313,0.2381,0,0,0,0.26984,0.047619,0.12698,0.31746,0.41215,0.79341,0.1678,174.04,12.355,22,43,0.016277,0.23645,1,0,0.98171,2,4,1,2,0,-1,0,1,0,0.0037453
1,1,0.079352,0.079352,0.3208,1,0.49398,0.38368,0.12308,0,0,0.12308,0.10769,0.046154,0.30769,0,0.29231,0.26563,0,0.015625,0,0.20313,0.10938,0.10938,0.29688,0.38124,0.70326,0.21856,90,15.843,25,40,0.018945,0.32701,1,0,0.9644,2,4,1,2,0,-1,0,1,0,0.0024969
1,1,0.11529,0.11529,0.25578,1,0.48454,0.45396,0.031746,0.095238,0,0.12698,0.095238,0,0.38095,0.11111,0.15873,0.37097,0,0,0,0.16129,0.064516,0.16129,0.24194,0.45405,0.79681,0.2866,154.84,14.419,25,40,0.018595,0.43878,1,0,1,2,2,1,2,0,-1,1,0,0.00058651,0
1,1,0.094302,0.094302,0.22358,1,0.50376,0.40098,0.13158,0.026316,0,0.15789,0.10526,0,0.36842,0.013158,0.19737,0.36,0,0.013333,0,0.16,0.026667,0.13333,0.30667,0.40123,0.74892,0.2572,166.78,16.651,33,47,0.014568,0.37342,1,0,0.95783,2,2,1,2,0,-1,1,0,0.0017595,0
1,2,0.10651,0.10608,0.25598,1,0.51852,0.35967,0.086957,0.043478,0,0.15942,0.11594,0,0.34783,0.028986,0.21739,0.39706,0,0.014706,0,0.22059,0.058824,0.088235,0.22059,0.35721,0.74206,0.2626,87.93,16.332,30,41,0.014025,0.39412,1,0,0.90385,2,4,1,2,-1,-1,0,1,0,0.0024969
1,0,0,0,0.19966,1,0.45919,0.40563,0.11594,0,0,0.11594,0.10145,0,0.37681,0.028986,0.26087,0.29412,0,0.014706,0,0.25,0.058824,0.10294,0.27941,0.40449,0.80111,0.26537,90,14.141,38,44,0.017716,0.29412,1,0,0.88889,2,4,1,2,-1,-1,1,1,0.00058651,0.0012484
1,2,0.12274,0.0049938,0.2871,1,0.45535,0.39134,0.082192,0,0,0.12329,0.10959,0,0.35616,0.10959,0.21918,0.22222,0,0.013889,0,0.27778,0.083333,0.125,0.27778,0.38891,0.80335,0.23854,90,18.97,31,43,0.022069,0.26316,1,0,0.88596,2,4,1,2,0,-1,0,1,0,0.0024969
1,3,0.20194,0.11042,0.25748,1,0.45972,0.35375,0.13115,0,0,0.13115,0.065574,0,0.32787,0.19672,0.14754,0.26667,0,0,0,0.31667,0.083333,0.05,0.28333,0.35131,0.7283,0.20488,180,12.011,27,32,0.017288,0.25731,1,0,0.88141,2,4,1,2,0,-1,0,1,0,0.0024969
1,2,0.10726,0.083951,0.2436,1,0.45357,0.34137,0.090909,0,0,0.13636,0.15909,0,0.31818,0.045455,0.25,0.23256,0,0,0,0.23256,0.046512,0.16279,0.32558,0.34165,0.62244,0.18076,180,27.631,15,26,0.0105,0.32143,1,0,1,2,2,1,2,-1,-1,1,0,0.0017595,0
1,2,0.079294,0.075404,0.19095,1,0.50612,0.3741,0,0.13115,0,0.081967,0.016393,0,0.32787,0.2623,0.18033,0.3,0,0.033333,0,0.2,0.05,0.13333,0.28333,0.37417,0.64521,0.25941,180,24.019,25,30,0.012239,0.46032,1,0,0.96129,2,4,1,2,0,-1,1,0,0.00058651,0
1,2,0.099963,0.059892,0.24986,1,0.39977,0.379,0.018519,0.092593,0,0.074074,0,0,0.37037,0.2963,0.14815,0.32075,0,0,0,0.22642,0.09434,0.15094,0.20755,0.37544,0.66509,0.29253,162.61,12.937,17,38,0.015675,0.48503,1,0,0.94904,2,4,1,2,-1,-1,1,1,0.001173,0.0037453
1,3,0.23752,0.066402,0.21193,1,0.46217,0.37725,0.10345,0.034483,0,0.10345,0,0,0.32759,0.27586,0.15517,0.29825,0,0,0,0.24561,0.070175,0.12281,0.26316,0.3761,0.67093,0.1951,180,13.2,25,31,0.013399,0.34266,1,0,0.94006,2,4,1,2,0,-1,1,1,0.00058651,0.0012484
1,3,0.11735,0.10646,0.3132,1,0.47642,0.34052,0,0.125,0,0.053571,0.14286,0,0.35714,0.16071,0.16071,0.27273,0,0.054545,0,0.23636,0.036364,0.18182,0.21818,0.33692,0.70876,0.26526,90,27.969,16,29,0.016322,0.5,1,0,0.91409,2,4,1,2,0,-1,1,1,0.00058651,0.0037453
1,1,0.10388,0.10388,0.23098,1,0.44733,0.42416,0.11538,0.038462,0,0.11538,0.15385,0,0.30769,0.096154,0.17308,0.31373,0,0.019608,0,0.2549,0.039216,0.15686,0.21569,0.44733,0.8339,0.21938,175.52,15.089,22,31,0.01639,0.33333,1,0,0.98333,2,4,1,2,0,-1,0,0,0,0
1,1,0.041132,0.041132,0.24004,1,0.72834,0.17117,0.095238,0,0,0.14286,0.11905,0,0.33333,0.071429,0.2381,0.26829,0,0,0,0.2439,0.02439,0.14634,0.31707,0.17138,0.30475,0.079781,180,14.129,20,27,0.0027184,0.24286,1,0,0.9854,2,2,1,2,0,-1,1,0,0.001173,0
1,2,0.064242,0.0075819,0.354,1,0.65657,0.17511,0.13158,0,0,0.13158,0.10526,0,0.26316,0.13158,0.23684,0.18919,0,0,0,0.27027,0.027027,0.24324,0.27027,0.17271,0.29997,0.077017,180,18.621,12,22,0.0042773,0.24299,1,0,0.93662,2,4,1,2,0,-1,0,1,0,0.0024969
1,2,0.049095,0.039755,0.30928,1,0.7408,0.13657,0,0.14634,0,0.04878,0.17073,0,0.31707,0.073171,0.2439,0.275,0,0.025,0,0.25,0.05,0.175,0.225,0.13543,0.27296,0.1016,166.78,25.871,15,21,0.0025815,0.51899,1,0,0.89167,2,4,1,2,0,-1,1,1,0.00058651,0.0012484
1,1,0.02284,0.02284,0.2349,1,0.7453,0.095344,0,0.10345,0,0.10345,0.17241,0,0.34483,0.068966,0.2069,0.32143,0,0,0,0.17857,0.035714,0.17857,0.28571,0.095467,0.16676,0.066533,180,27.706,5,15,0.00082741,0.52632,1,0,1,2,2,1,2,0,-1,1,0,0.001173,0
1,1,0.035453,0.035453,0.25466,1,0.74705,0.12352,0.025641,0.076923,0,0.12821,0.15385,0.025641,0.38462,0,0.20513,0.34211,0,0,0,0.31579,0,0.10526,0.23684,0.1251,0.2569,0.088462,180,26.833,8,21,0.0015545,0.43103,1,0,0.92523,2,2,1,2,-1,-1,1,-1,0.002346,-0.0012484
1,2,0.035163,0.035163,0.25665,1,0.75924,0.1341,0.025,0.05,0,0.175,0.2,0,0.3,0.025,0.225,0.23077,0,0,0,0.25641,0.051282,0.10256,0.35897,0.13666,0.25633,0.0888,90,22.885,13,21,0.0014286,0.35593,1,0,1,2,2,1,2,-1,-1,1,-1,0.00058651,-0.0024969
1,1,0.04868,0.04868,0.31194,1,0.78265,0.15711,0,0.11364,0,0.068182,0.22727,0,0.29545,0.090909,0.20455,0.23256,0,0,0,0.25581,0.023256,0.23256,0.25581,0.15748,0.30868,0.10832,180,21.806,17,23,0.0028227,0.56627,1,0,1,2,2,1,2,0,-1,1,0,0.0029326,0
1,0,0,0,0.2222,1,0.81794,0.18146,0.15556,0,0,0.15556,0.2,0,0.33333,0,0.15556,0.068182,0,0,0,0.25,0,0.13636,0.54545,0.18158,0.34355,0.055199,90,17.361,22,35,0.0024892,0.042857,1,0,0.95946,2,2,1,2,0,-1,1,0,0.00058651,0
1,2,0.053409,0.040948,0.25129,1,0.81211,0.16228,0,0.090909,0,0.090909,0.090909,0,0.27273,0.21212,0.24242,0.25,0,0,0,0.25,0.03125,0.1875,0.28125,0.1625,0.27474,0.10993,180,27.688,11,17,0.0024372,0.46377,1,0,1,2,2,1,2,-1,-1,1,0,0.0017595,0
1,2,0.044429,0.016,0.25719,1,0.8484,0.16738,0.071429,0,0,0.11905,0,0,0.35714,0.16667,0.28571,0.2439,0,0,0,0.21951,0.073171,0.14634,0.31707,0.16749,0.29151,0.11004,180,18.699,11,22,0.0027367,0.32,1,0,0.9635,2,2,1,2,-1,-1,1,0,0.00058651,0
1,1,0.090721,0.090721,0.20722,1,0.56281,0.41449,0,0.17073,0,0.04878,0.04878,0,0.36585,0.073171,0.29268,0.325,0,0,0,0.225,0.05,0.175,0.225,0.41463,0.65582,0.26082,180,14.403,16,22,0.013118,0.60274,1,0,1,2,2,1,2,-1,-1,1,0,0.0017595,0
1,3,0.11338,0.001173,0.2173,1,0.61333,0.38906,0.15517,0,0,0.10345,0.086207,0,0.36207,0.068966,0.22414,0.26316,0,0.017544,0,0.22807,0.035088,0.17544,0.2807,0.38886,0.66171,0.14682,180,15.779,27,37,0.013031,0.19718,0.98592,0,1,2,2,2,2,-1,-1,-1,0,-0.001173,0];
end