function [qw] = DATA_whirl
qw = [2,1,0.21655,0.21655,0.56331,1,0.64863,0.24985,0.32576,0.083333,0.090909,0,0.068182,0.12879,0.13636,0.083333,0.083333,0.092308,0.1,0.16923,0.1,0.13077,0.061538,0.16154,0.18462,0.31314,1.4506,0.1207,90,14.813,58,86,0.083722,0,0.44767,0.75515,0.39359,3,3,4,3,1,-1,-1,0,-0.0010194,0
2,2,0.27376,0.23973,0.60324,1,0.6697,0.21749,0.27132,0.13178,0.069767,0.031008,0.03876,0.10078,0.14729,0.093023,0.11628,0.047244,0.10236,0.14173,0.094488,0.16535,0.031496,0.19685,0.22047,0.25494,1.4458,0.071354,75.744,12.412,87,79,0.077747,0,0.46418,0.6087,0.36473,3,3,3,3,0,-1,1,0,0.0020387,0
2,1,0.28207,0.28207,0.46365,1,0.73375,0.22482,0.37302,0.11111,0.087302,0.031746,0,0.095238,0.12698,0.063492,0.11111,0.10484,0.056452,0.19355,0.08871,0.15323,0.024194,0.1371,0.24194,0.27688,1.5008,0.091084,90,18.752,63,78,0.080724,0.016077,0.41801,0.59167,0.32292,4,3,3,3,-1,-1,1,-1,0.0020387,-0.002849
2,2,0.30386,0.18136,0.63835,1,0.72174,0.21652,0.34459,0.10135,0.094595,0,0,0.12162,0.14865,0.074324,0.11486,0.013699,0.11644,0.21233,0.082192,0.18493,0.034247,0.19863,0.15753,0.32772,1.6461,0.13611,90,12.713,94,80,0.11578,0,0.34703,0.7556,0.30957,3,3,3,3,0,-1,0,0,0,0
2,1,0.21286,0.21286,0.6289,1,0.69978,0.23729,0.29825,0.17544,0.070175,0,0.035088,0.11404,0.14912,0.052632,0.10526,0.017857,0.080357,0.22321,0.10714,0.13393,0.044643,0.16964,0.22321,0.33405,1.5897,0.13808,180,13.085,68,72,0.10728,0,0.39953,0.73306,0.34086,3,4,3,2,0,-1,0,-1,0,-0.0042735
2,0,0,0,0.63545,1,0.69572,0.24946,0.34579,0.093458,0.074766,0.046729,0,0.1028,0.13084,0.065421,0.14019,0.066667,0.095238,0.2,0.07619,0.12381,0.07619,0.17143,0.19048,0.34613,1.6291,0.1466,90,15.128,45,69,0.11405,0,0.30631,0.78,0.346,3,3,4,3,1,-1,-1,0,-0.0010194,0
2,2,0.32714,0.0093882,0.5834,1,0.69451,0.26524,0.28571,0.10714,0.080357,0.035714,0.026786,0.11607,0.16071,0.0625,0.125,0.081818,0.1,0.17273,0.081818,0.19091,0.036364,0.15455,0.18182,0.33777,1.6172,0.11593,58.156,11.853,67,58,0.10577,0.0073892,0.34236,0.71285,0.37349,4,3,3,3,-1,-1,0,0,0,0
2,5,0.42684,0.19277,0.67479,1,0.8454,0.20067,0.31532,0.10811,0.10811,0.054054,0,0.099099,0.081081,0.081081,0.15315,0.027523,0.091743,0.18349,0.073394,0.20183,0.036697,0.16514,0.22018,0.24267,1.6327,0.074531,90,13.276,56,65,0.10252,0.0023256,0.35581,0.51974,0.30702,4,3,3,3,-1,-1,0,-1,0,-0.0014245
2,3,0.16129,0,0.54206,1,0.61184,0.1692,0.35294,0.16667,0.10784,0,0,0.11765,0.088235,0.058824,0.10784,0,0.12,0.29,0.1,0.18,0.04,0.08,0.19,0.26522,1.2713,0.12607,125.59,14.013,57,65,0.06678,0,0.36964,0.7125,0.295,3,4,3,2,1,-1,0,0,0,0
2,2,0.35343,0.15509,0.59721,1,0.64559,0.19266,0.35185,0.15741,0.092593,0,0,0.12963,0.12963,0.055556,0.083333,0.09434,0.09434,0.17925,0.066038,0.16981,0.04717,0.20755,0.14151,0.26024,1.355,0.1087,180,17.048,53,68,0.073796,0,0.43787,0.70123,0.32593,3,3,3,3,0,-1,0,-1,0,-0.0014245
2,2,0.12441,0.12367,0.60396,1,0.61159,0.14268,0.32353,0.15686,0.13725,0,0,0.078431,0.15686,0.058824,0.088235,0.05,0.19,0.16,0.07,0.17,0.05,0.17,0.14,0.25426,1.3422,0.11761,80.623,14.083,58,56,0.076892,0.0030303,0.36061,0.77238,0.26087,4,3,3,3,-1,-1,1,-1,0.0010194,-0.002849
2,2,0.28533,0.2619,0.58473,1,0.62806,0.18091,0.39423,0.076923,0.096154,0,0,0.11538,0.125,0.086538,0.10577,0.15686,0.088235,0.15686,0.058824,0.17647,0.04902,0.19608,0.11765,0.27585,1.4439,0.12534,109.69,15.384,53,57,0.090087,0,0.27479,0.75694,0.29861,3,3,3,3,1,-1,1,-1,0.0020387,-0.002849
2,3,0.28267,0.015965,0.59392,1,0.68452,0.23408,0.39655,0.10345,0.043103,0.025862,0.068966,0.094828,0.12069,0.043103,0.10345,0.061404,0.12281,0.16667,0.078947,0.12281,0.026316,0.19298,0.22807,0.29892,1.7141,0.11123,90,20.774,32,57,0.10751,0.004878,0.3561,0.6336,0.37854,4,3,3,3,-1,-1,0,-1,0,-0.002849
2,2,0.24655,0.12422,0.54192,1,0.59871,0.18665,0.25862,0.19828,0.060345,0.025862,0,0.12069,0.094828,0.077586,0.16379,0.11404,0.096491,0.14912,0.10526,0.18421,0.026316,0.17544,0.14912,0.25478,1.4127,0.096838,125.59,15.702,69,75,0.077449,0,0.4362,0.61348,0.29888,3,3,3,3,0,-1,0,-1,0,-0.002849
2,2,0.20502,0.12989,0.55008,1,0.60131,0.22226,0.41121,0.056075,0.037383,0.056075,0,0.1215,0.093458,0.084112,0.14019,0.12381,0.12381,0.095238,0.085714,0.17143,0.047619,0.17143,0.18095,0.29995,1.3818,0.12218,144.41,15.462,44,64,0.077083,0.079646,0.29499,0.77098,0.35828,4,5,3,3,1,-1,0,-1,0,-0.002849
2,1,0.13587,0.13587,0.63268,1,0.6032,0.20208,0.26772,0.17323,0.055118,0,0.047244,0.094488,0.14173,0.07874,0.14173,0.096,0.04,0.16,0.08,0.152,0.048,0.248,0.176,0.27019,1.2781,0.10346,90,19.853,51,69,0.067582,0,0.47293,0.75819,0.35768,3,3,3,3,0,-1,1,-1,0.0010194,-0.002849
2,0,0,0,0.64117,1,0.81452,0.12911,0.43511,0.068702,0.083969,0.045802,0,0.12977,0.083969,0.045802,0.10687,0.1938,0.062016,0.14729,0.069767,0.18605,0.11628,0.13178,0.093023,0.22269,1.803,0.10942,90,15.601,79,82,0.12037,0.080357,0.25223,0.61,0.176,4,6,3,3,-1,-1,0,1,0,0.002849
2,3,0.30742,0,0.66144,1,0.64273,0.20186,0.35484,0.072581,0.08871,0.080645,0,0.096774,0.1129,0.072581,0.12097,0.10656,0.098361,0.13115,0.065574,0.18033,0.032787,0.29508,0.090164,0.28407,1.2578,0.12847,62.506,16.246,50,70,0.069719,0.052632,0.32749,0.85946,0.37297,3,3,3,3,1,-1,0,0,0,0
2,1,0.31627,0.31627,0.71731,1,0.72882,0.14485,0.34028,0.083333,0.125,0.0625,0,0.097222,0.125,0.0625,0.10417,0.12676,0.049296,0.19718,0.091549,0.11972,0.049296,0.16901,0.19718,0.20328,1.6019,0.046863,90,14.692,99,76,0.097751,0.035885,0.22488,0.49161,0.29257,4,3,3,3,-1,-1,1,-1,0.0010194,-0.002849
2,0,0,0,0.64404,1,0.63375,0.20518,0.37879,0.075758,0.075758,0.075758,0,0.068182,0.15909,0.060606,0.10606,0.11538,0.092308,0.13846,0.053846,0.12308,0.046154,0.18462,0.24615,0.26884,1.4665,0.094705,90,14.656,72,77,0.086238,0,0.28997,0.67073,0.37805,3,3,3,3,0,-1,0,-1,0,-0.002849
2,2,0.047345,0.0071951,0.72705,1,0.55993,0.13313,0.4,0.16364,0.10909,0,0,0.090909,0.081818,0.081818,0.072727,0.027778,0.11111,0.26852,0.055556,0.18519,0.027778,0.22222,0.10185,0.24653,1.3691,0.13241,90,13.683,53,57,0.077158,0.060367,0.35171,0.75467,0.248,3,3,3,3,1,-1,0,-1,0,-0.0014245
2,0,0,0,0.73263,1,0.57675,0.14969,0.28462,0.23846,0.1,0,0,0.1,0.1,0.076923,0.1,0.039063,0.085938,0.22656,0.0625,0.14844,0.0625,0.25,0.125,0.26358,1.2873,0.13818,90,13.803,61,76,0.07454,0,0.4522,0.78571,0.28042,3,4,3,2,1,-1,1,-1,0.0020387,-0.002849
2,2,0.24369,0.17841,0.82045,1,0.68838,0.19435,0.2449,0.2585,0.10884,0,0,0.088435,0.13605,0.068027,0.095238,0.055172,0.10345,0.22069,0.048276,0.10345,0.089655,0.26207,0.11724,0.28421,1.4916,0.1118,109.69,17.488,65,87,0.092254,0,0.54036,0.74807,0.32905,3,3,3,3,0,-1,1,0,0.0010194,0
2,1,0.23317,0.23317,0.72266,1,0.68397,0.15406,0.20423,0.3169,0.084507,0,0,0.098592,0.12676,0.070423,0.098592,0.064286,0.12857,0.16429,0.05,0.15,0.071429,0.27857,0.092857,0.27074,1.4287,0.12498,90,15.04,61,79,0.08716,0,0.5599,0.7679,0.26667,3,3,3,3,1,-1,1,-1,0.0010194,-0.002849
2,1,0.30234,0.30234,0.7296,1,0.68004,0.19632,0.37908,0.13072,0.11765,0,0,0.084967,0.11765,0.091503,0.078431,0.05298,0.13245,0.17219,0.072848,0.12583,0.066225,0.25828,0.11921,0.28236,1.7554,0.12522,90,13.62,82,94,0.12277,0.0042644,0.36461,0.67174,0.29565,4,3,3,3,-1,-1,1,-1,0.0010194,-0.002849
2,1,0.20153,0.20153,0.56075,1,0.65993,0.2562,0.34416,0.084416,0.11039,0.0064935,0.064935,0.071429,0.15584,0.084416,0.077922,0.072368,0.13816,0.14474,0.078947,0.10526,0.059211,0.19737,0.20395,0.32086,1.6551,0.11644,125.59,15.485,89,110,0.10599,0,0.38338,0.71639,0.37815,3,3,3,3,0,-1,1,-1,0.0010194,-0.002849
2,4,0.32763,0.18006,0.5639,1,0.73604,0.19286,0.41026,0.096154,0.096154,0.012821,0,0.096154,0.16667,0.051282,0.070513,0.064935,0.14935,0.15584,0.064935,0.12987,0.025974,0.24675,0.16234,0.27044,1.6632,0.1054,125.59,16.211,64,92,0.10361,0,0.38859,0.63812,0.29122,3,3,3,3,1,-1,1,-1,0.0010194,-0.002849
2,5,0.40162,0.12343,0.47856,1,0.60488,0.21758,0.43972,0.06383,0.10638,0,0,0.11348,0.14894,0.056738,0.070922,0.14388,0.079137,0.13669,0.071942,0.17986,0.035971,0.16547,0.18705,0.32637,1.3946,0.14991,62.927,13.862,62,70,0.083448,0,0.29467,0.81342,0.32285,3,3,3,3,0,-1,0,-1,0,-0.002849
