function qe = DATA_equal
qe = [2,0,0,0,1.0196,1,0.55003,0.053606,0.16667,0.083333,0.25,0,0,0,0.125,0.125,0.25,0,0,0,0,0,0.13636,0.86364,0,0.057011,0.11597,0.012642,23.06,5.225,13,7,0.00011789,0.019608,0.92157,0.06383,0.91489,2,2,2,3,1,0,1,0,0.0017595,0
2,0,0,0,0.80636,1,0.41867,0.065701,0.11111,0.14815,0.22222,0,0,0,0.14815,0.14815,0.22222,0,0,0,0,0.04,0.24,0.68,0.04,0.062423,0.13082,0.018624,90,19.466,11,15,0.0001977,0.095652,1,0.16418,1,2,3,2,2,1,1,1,0,0.0017595,0
2,0,0,0,0.99179,1,0.38199,0.077781,0.09375,0.0625,0.21875,0,0,0,0.09375,0.125,0.40625,0,0,0,0,0,0.13333,0.8,0.066667,0.067635,0.14224,0.019241,90,10.049,24,15,0.00024749,0.15038,1,0.031746,0.90476,2,3,2,3,1,1,1,0,0.00058651,0
2,0,0,0,0.86469,1,0.34226,0.068804,0.22581,0.096774,0.16129,0,0,0,0.16129,0.12903,0.22581,0,0,0,0,0.068966,0.27586,0.65517,0,0.06993,0.14626,0.014904,76.781,11.107,15,11,0.00030351,0,1,0.11594,0.81159,2,2,2,2,1,1,1,0,0.0017595,0
2,0,0,0,1.324,1,0.5661,0.052845,0.13043,0.26087,0.13043,0,0,0,0.086957,0.086957,0.30435,0,0,0,0,0,0.19048,0.7619,0.047619,0.046817,0.09656,0.0038558,22.28,8.041,13,9,9.3724e-05,0.021505,1,0.18182,0.93939,2,2,2,3,1,1,1,0,0.0017595,0
2,0,0,0,1.0697,1,0.45244,0.087929,0.22222,0.11111,0.18519,0,0,0,0.11111,0.11111,0.25926,0,0,0,0,0,0.28,0.72,0,0.083273,0.17068,0.013241,32.561,8.9174,10,13,0.00032657,0.060811,1,0.030769,0.75385,2,2,2,3,1,1,1,0,0.001173,0
2,0,0,0,0.89997,1,0.43002,0.091328,0.2,0.1,0.23333,0,0,0,0.13333,0.1,0.23333,0,0,0,0,0.035714,0.39286,0.57143,0,0.093287,0.19158,0.013456,59.577,10.073,12,13,0.00047594,0,1,0.28916,0.91566,2,3,2,2,1,0,1,0,0.0017595,0
2,0,0,0,1.0335,1,0.40585,0.068234,0.16667,0.20833,0.16667,0,0,0,0.083333,0.083333,0.29167,0,0,0,0,0,0.090909,0.81818,0.090909,0.073716,0.15421,0.0036949,71.423,19.837,7,14,0.00030955,0,0.97727,0.066667,1,2,2,2,3,1,0,1,0,0.00058651,0
2,0,0,0,0.99629,1,0.34686,0.072431,0.19048,0.19048,0.14286,0,0,0,0.14286,0.047619,0.28571,0,0,0,0,0,0.21053,0.78947,0,0.06468,0.13248,0.0043883,33.631,10.736,8,10,0.00019715,0.04878,1,0.2931,1,2,2,2,2,1,1,1,0,0.00058651,0
2,0,0,0,0.75167,1,0.35565,0.054901,0.13636,0.18182,0.22727,0,0,0,0.13636,0.090909,0.22727,0,0,0,0,0,0.3,0.65,0.05,0.054628,0.11278,0.012278,46.784,11.145,7,13,0.00016969,0,1,0.1,0.93333,2,3,2,2,1,0,1,-1,0.001173,-0.0012484
2,0,0,0,1.0495,1,0.40803,0.056946,0.12,0.12,0.24,0,0,0,0.08,0.12,0.32,0,0,0,0,0,0.13043,0.86957,0,0.059583,0.12287,0.010415,40.412,8.0297,11,11,0.00017409,0,1,0.042553,0.95745,2,3,2,3,1,0,1,0,0.00058651,0
2,0,0,0,1.3859,1,0.49831,0.068622,0.15789,0.10526,0.21053,0,0,0,0.15789,0.052632,0.31579,0,0,0,0,0.11765,0.11765,0.76471,0,0.063012,0.12925,0.0077043,59.577,11.126,9,6,9.647e-05,0.016949,1,0.275,1,2,2,2,2,1,1,1,0,0.00058651,0
2,0,0,0,0.70469,1,0.45112,0.048674,0.16667,0.125,0.16667,0,0,0,0.125,0.16667,0.25,0,0,0,0,0,0.045455,0.95455,0,0.046911,0.096026,0.012781,38.598,9.2759,12,10,0.00010507,0,1,0.035714,1,2,2,2,3,1,0,1,0,0.001173,0
2,0,0,0,0.8819,1,0.45438,0.059566,0.2,0.12,0.16,0,0,0,0.12,0.12,0.28,0,0,0,0,0.043478,0.21739,0.69565,0.043478,0.059933,0.12774,0.006673,79.941,21.203,7,18,0.00027861,0,1,0.21053,1,2,3,2,3,1,1,1,0,0.00058651,0
2,0,0,0,0.79661,1,0.3994,0.06746,0.095238,0.19048,0.19048,0,0,0,0.14286,0.095238,0.28571,0,0,0,0,0.052632,0.26316,0.68421,0,0.06262,0.13119,0.018582,30.939,10.508,3,12,0.00031174,0.051282,1,0.15942,0.98551,2,3,2,3,1,1,1,0,0.001173,0
2,0,0,0,0.76875,1,0.41779,0.063066,0.19231,0.11538,0.15385,0,0,0,0.19231,0.076923,0.26923,0,0,0,0,0.083333,0.16667,0.75,0,0.055112,0.11991,0.01587,43.412,14.709,10,14,0.00026946,0.092593,1,0.075758,0.92424,2,3,2,3,1,1,1,0,0.00058651,0
2,0,0,0,0.68086,1,0.35498,0.051026,0.22727,0.090909,0.22727,0,0,0,0.090909,0.090909,0.27273,0,0,0,0,0.05,0.05,0.9,0,0.053717,0.11218,0.010756,90,10.687,9,11,0.00012594,0,1,0.028986,1,2,3,2,3,0,1,1,0,0.00058651,0
2,0,0,0,0.75075,1,0.36273,0.095677,0.11429,0.22857,0.17143,0,0,0,0.17143,0.11429,0.2,0,0,0,0,0.060606,0.21212,0.72727,0,0.089011,0.19549,0.023692,50.575,12.24,13,20,0.00082174,0.11043,1,0.12745,0.91176,2,3,2,3,1,1,1,0,0.00058651,0
2,0,0,0,0.73582,1,0.30911,0.075446,0.16129,0.16129,0.19355,0,0,0,0.096774,0.096774,0.29032,0,0,0,0,0.10345,0.24138,0.62069,0.034483,0.07641,0.16154,0.010134,54.828,13.245,12,12,0.0004527,0.061538,1,0.25301,0.92771,2,3,2,2,1,1,1,0,0.001173,0
2,0,0,0,0.74239,1,0.32392,0.075986,0.15,0.1,0.2,0,0,0,0.15,0.1,0.3,0,0,0,0,0.11111,0.33333,0.55556,0,0.076797,0.15873,0.021275,28.818,5.7144,8,8,0.00036867,0,1,0.11111,0.80247,2,2,2,2,1,1,1,0,0.0017595,0
2,0,0,0,0.95766,1,0.35321,0.093726,0.14706,0.088235,0.20588,0,0,0,0.11765,0.14706,0.29412,0,0,0,0,0,0.28125,0.6875,0.03125,0.088571,0.18524,0.01579,90,11.417,18,15,0.00048437,0.044025,1,0.11538,0.82051,2,2,2,3,1,0,1,0,0.001173,0
2,0,0,0,1.0006,1,0.27843,0.090978,0.11538,0.076923,0.30769,0,0,0,0.19231,0.076923,0.23077,0,0,0,0,0,0.29167,0.70833,0,0.090064,0.18569,0.02421,28.396,8.0202,11,13,0.0004743,0.079268,0.93902,0.090909,0.84416,2,2,2,3,1,1,1,0,0.00058651,0
2,0,0,0,0.53813,1,0.32571,0.036553,0.2,0.15,0.2,0,0,0,0.15,0.1,0.2,0,0,0,0,0.16667,0.5,0.33333,0,0.033017,0.068936,0.0094115,39.928,14.546,7,10,6.6449e-05,0.14286,1,0.21818,0.89091,2,2,2,2,1,1,1,0,0.001173,0
2,0,0,0,1.3702,1,0.33526,0.059941,0.2,0.2,0.16,0,0,0,0.16,0.08,0.2,0,0,0,0,0.043478,0.086957,0.86957,0,0.053464,0.11053,0.0048143,36.817,7.0322,14,13,0.00012686,0.047619,1,0.13889,1,2,2,2,3,1,1,1,0,0.0017595,0
2,0,0,0,0.79661,1,0.36658,0.041733,0.18519,0.074074,0.18519,0,0,0,0.18519,0.074074,0.2963,0,0,0,0,0.08,0.24,0.68,0,0.044568,0.092925,0.0096409,40.412,6.9089,17,9,0.00013455,0,0.98718,0.17391,0.86957,2,2,2,2,1,0,1,0,0.00058651,0
2,0,0,0,1.1944,1,0.4063,0.084688,0.10714,0.17857,0.25,0,0,0,0.14286,0.10714,0.21429,0,0,0,0,0,0.15385,0.84615,0,0.083693,0.17117,0.014156,26.486,7.0451,10,16,0.00028502,0.093333,1,0.067797,1,2,3,2,3,1,1,1,0,0.0035191,0
2,0,0,0,0.8515,1,0.61006,0.032475,0.083333,0.083333,0.33333,0.041667,0,0,0.16667,0.083333,0.20833,0,0,0,0,0.045455,0.18182,0.77273,0,0.034058,0.07095,0.0060072,72.61,11.181,12,10,7.9995e-05,0,1,0.34375,1,2,2,2,2,1,1,1,0,0.00058651,0
2,0,0,0,0.84963,1,0.38507,0.04933,0.17857,0.14286,0.14286,0,0,0,0.14286,0.14286,0.25,0,0,0,0,0,0.11538,0.84615,0.038462,0.048334,0.10107,0.011327,46.784,14.345,13,19,0.00014443,0.070588,1,0.042553,0.95745,2,3,2,3,1,0,1,0,0.00058651,0
2,0,0,0,0.67367,1,0.39047,0.044147,0.18182,0.13636,0.18182,0,0,0,0.090909,0.090909,0.31818,0,0,0,0,0,0.45,0.55,0,0.043992,0.091054,0.0072651,40.412,15.681,5,9,0.00012851,0,1,0.20755,0.75472,2,2,2,2,1,1,1,0,0.00058651,0
2,0,0,0,0.83118,1,0.37593,0.065962,0.15385,0.11538,0.19231,0,0,0,0.19231,0.076923,0.26923,0,0,0,0,0,0.25,0.75,0,0.060725,0.12331,0.020432,24.519,7.162,10,13,0.00014169,0.11304,1,0,0.83077,2,2,2,2,1,-1,1,0,0.0029326,0
2,0,0,0,0.80832,1,0.3471,0.067153,0.08,0.08,0.24,0,0,0,0.2,0.12,0.28,0,0,0,0,0,0.34783,0.65217,0,0.064571,0.1309,0.022408,38.598,6.0858,16,9,0.00014132,0.1453,1,0.16176,0.92647,2,2,2,2,1,1,1,0,0.0017595,0
2,0,0,0,0.76062,1,0.36484,0.03574,0.17391,0.043478,0.21739,0,0,0,0.13043,0.17391,0.26087,0,0,0,0,0.047619,0.095238,0.85714,0,0.038389,0.07882,0.012976,90,10.446,17,5,4.4849e-05,0,0.95588,0,0.88095,2,2,2,2,1,0,1,0,0.001173,0
2,0,0,0,1.4636,1,0.28354,0.03873,0.12,0.16,0.2,0.04,0,0,0.08,0.12,0.28,0,0,0,0,0,0.21739,0.78261,0,0.042084,0.086273,0.0008874,35.357,6.0993,15,7,8.7501e-05,0,1,0.34615,0.96154,2,2,2,2,1,1,1,0,0.001173,0
2,0,0,0,0.92001,1,0.31827,0.055057,0.13636,0.090909,0.18182,0,0,0,0.13636,0.13636,0.31818,0,0,0,0,0,0,1,0,0.053606,0.10902,0.012455,35.357,9.0507,10,13,0.00012997,0,1,0,1,2,2,2,2,1,0,1,0,0.00058651,0
2,0,0,0,0.85668,1,0.25064,0.032475,0.10714,0.10714,0.10714,0,0,0,0.10714,0.35714,0.21429,0,0,0,0,0.11538,0.076923,0.76923,0.038462,0.03073,0.067335,0.0082658,64.836,11.865,22,10,9.4091e-05,0,1,0.088235,0.91176,2,3,2,2,1,0,1,0,0.001173,0
